5663371482901591724 -4512344473324102601 5487803923768172709 -4558805892113666368 -1887646826363010336 -650606973330533641 -6147751705017297943 -1794832302534615846 -4950153455847047270 -8790837552488607702 -2613825017089364131 1157217301573869287 -7325290455364202221 -4400989303054627115 4079866454470083863 142915860674645759 
-1371865174666558648 -8266742295707839937 -1340685842602437033 -6369439865716471404 3115277494849069114 -8491747949154136332 1396902316261151831 -6425993634370671318 -3959750276671752251 3005009399119386512 1220798009149735187 -831220871158182323 -1209248489124822397 4830680851232297654 1197097545125656319 5783008550046632652 
198589082786762725 -5951539735281784384 4293047153509023762 1028839308980221723 3905351415557653837 -5825875828454693243 3422890610216989724 -862200354534268319 -2246633011787840279 2518713749450967227 -2658804530409017671 4530354074739393918 2393247813010486306 2806413966820015366 3428178073542429779 -1942297721181307909 
-614311048817463722 -4140341375628499530 -3377378065335311529 3482846680178985210 4896213551848400547 -2940280662751394103 -6067652819057174570 7723046362947109254 5002087543758095553 7474041925449070194 3913423169321939135 -6008989143665811204 -7403187374453021416 673110114033371627 8600294542643188199 -2995725511893366231 
-3653597761768891856 9160137927175762966 1675144694947942280 3680520083173653107 5889767141042653073 -8924168941972678918 1580180754437172537 -5729118030128958272 3939595940149824986 -8567895584262268328 -6959138874852870315 -8896982791049236203 -1604055416522287387 3545030454185620667 -4528635652163619124 -3613535378424246233 
-7037098619330488498 -2726693246731117817 -8271210604385064995 -8634240805067950687 32557133148956652 5721414643895729834 -5703168961555782274 630095352223003689 2546993408345535979 -4247036592950245165 5901489954960534720 8614699276120883699 -7866890772516320218 8248977831674931326 -1830948230090160163 606179911673308002 
5785115550775657554 8880663808541197939 2702120628196628364 -893857270411200076 6185883204196404001 5072871983368858211 -2274743702673657007 2859639931099620768 6263641731479837790 -2112971034847993536 -7341404767327634380 -3717121782867285843 -8875329052786634613 1480543883607251730 -2575603342699453498 -4573581715901310229 
3570515729874120336 4951577518431566294 3113766194681775994 -1551105913101923117 -4966306092773577591 7819405608586935197 -810857732185786951 -1155631031025449369 7323591018834965029 6005948954654041787 -7794380786971039218 -856304848982587058 -5538484080769423756 4539165808147160810 -9052566492177650822 -7784258647164465068 
6212832028815748390 -2044417994799314235 -5569344212903507381 -2763365469827951162 -6541248953941629076 -7399116976734095451 -6310406638284237603 792859845431254274 4446529945849343182 -8707306864603613267 118817594367687604 -7437839427512482650 -1233328527798424152 -3919849767326422895 -2307776678426955969 -5169662595100038064 
6142710927551672577 -1031998620343535685 -5277756393980316678 -2432772850695150525 2421523510750806545 -3053392463385730841 8947748954480952895 -1676116472319287382 -7878759549202905438 7566763481265789967 -4438808628289212591 -1465382489903069116 -7938660459225963804 2066391012014198271 3409031019690813893 7976376256550971957 
-2253580520393232740 -4662059141339068315 -336032524953756678 9176124294992787974 -1832428561281653697 2526568955276001911 6339647502216989160 -8939777802989501008 5944792730187394738 6792254324503132227 7330583068096554757 7240176998471460225 1719586099252064926 -6390387051403498522 -522062345270723293 283804231836703291 
7060276309013753392 -596143641091518435 -6461379655039364655 3379294169998626223 1007092045096363556 7820098988913104199 -4183218162877026669 -2392494012993838893 -4360161825143155444 -8630441445354257580 380809602740934001 -1311390875049713062 6698412711562941638 -522424661987246243 8960911234637144268 4623313899409568751 
-4522985869778132790 -3497671953475748060 7752014350328336632 -5496721814103645203 -2311835699042759431 2000053657077838211 4608401588594150531 5745577246900565859 -4749336984154379188 -3857905420723162027 5720307455978540359 -4471215468231609846 3348326383730657647 3382407123585382152 -4078592252846723643 126199922659413244 
-3912682492332631326 7386853806596096782 -1411749650427764799 -8789732436849130565 164683899461974124 975716790592755040 -2580227927195697093 909905710164511409 7179229785333513215 6811038342326797604 -3387386239447469822 4806924235056825537 5497088332355811991 -3708607931663074019 1259672586033362812 -2238669617512315981 
-2315413967806124983 7397420670376305423 2033380606183084246 394167237275537527 -3055639166116090548 -1985964380151144684 7436941097969359395 -7567108505176183118 -4747226841873509478 -6920529878162304091 6342025022879024344 -1984155326836826408 7770816652204157280 -2627562291891394551 1883387099765306236 -7318215648362993109 
-7547785965817260757 -368114277740542758 2785547627525470823 -1360718745973868014 7904315073651821299 -7761455807064972459 -1853118299429389740 6925306697763999061 -7433992045590831260 1871572976934443081 8027296605773497239 1608795672983906379 -1494881228238575276 6387160275422089004 6882462899973119143 -1164686256993169858 
Yes
