16
1245316308 -642310656 -1657319484 -1579566605 25543734 24816080 2066176771 -1735424448 -1905400128 -933771296 -724508526 -655024544 -1930136909 1405819328 -1470295818 2050778688
273417626 -640614465 911064007 -1626622361 1609636580 1270260984 -57695268 -1646537124 757441475 -1918603862 799534662 -482623241 -1116542974 962596810 -568329888 -1192048852
-47644438 1214358058 -344526890 1366919690 944275370 1542061246 -1310450363 -909522557 207922107 -1723680624 2133850357 1062457379 -277181035 2066993047 1308897822 -770168063
1452136145 2098493462 -1197098755 -198352447 -1205298937 1835978148 -1207105121 1667129572 -1222658434 -973383153 -740478674 506503561 -512120921 -818620866 677832066 1704119828
-1994420265 1013767321 1651738463 1306215506 -920386611 399161820 1035024078 -1268416474 -1673569748 -1449007260 -1778094961 -554448819 524855297 -39786672 -1643216610 -1608838245
695983144 -871965247 -864219300 2112842743 204217519 706173494 2022387025 -1074508719 -1834593358 1903800575 352354885 1635766971 656356483 -1752924518 1463624757 -1431462635
-417551677 1520839683 1095492268 1864284711 1680629020 135129548 -1114982079 2094301939 998369035 -668789372 53987647 -206207700 1831293997 -432157400 1144766478 1866706852
-1896962309 1002119855 -15836253 248082673 -2130576894 -1542368731 -716105351 -112021701 2058424034 671440856 -403065063 -286383722 1078655244 1959839388 392252940 487570673
463979127 -681476480 -1130685675 1184701376 2117334536 203244410 -991321791 -295823529 -1493195251 -554399303 -1696572594 -1418246546 1784677297 -1842695872 -1905556907 1393218078
-1538614577 -3206190 -484750455 1553900540 -1887051844 -1201253010 971313727 -984734804 1451703536 578129136 -1012290808 -2059317518 2111448341 244564371 -263654378 1080903071
-1476894582 1145842306 1479122725 1599709689 -1469885664 592019018 1402202116 -1757026022 1519624510 1396759163 768090583 1420668495 -1717840522 1735849297 -583877684 -510451192
2003464375 492057695 -1181772394 137352204 1377406961 -1644525182 -530234481 -285822069 -1668414512 750798656 -552000756 -506341338 -227488907 -1609248551 -1776900164 213536845
-846501120 -85839250 -667541499 -1868945888 -2139029778 468037484 402741233 590849732 370801637 -1808887866 -1522667671 110151178 -76598105 -995547382 961502727 108075267
931693567 1184978752 827686438 1309818058 -1467450805 -937640238 714695024 1639752807 1531640588 1386257343 627780441 2139985470 2008592911 139758347 1523705747 355368992
368547538 956886273 2098043707 -1729282242 1691961303 406724367 2047051406 -1430996349 -2019203317 1281268922 1002587036 299309292 -459884477 -602983767 428059850 -653808400
-189268478 859568361 1666466442 795895687 -1780021630 -12262625 -1867753205 280558163 -827492008 -1110700538 -425017634 648594351 -1350652712 -2007673381 -19044511 -1159343494
-508420222 1059088105 -820851673 816566726 1807305666 -1440235312 -1046260178 -112055957 -2009842291 1395876066 1170275079 796548009 -2122823239 -1214001673 2129248948 -551502435
1716733800 1492532535 1864554096 2114226950 -790017590 184327123 2047980039 -1962577176 -1714242236 -1766613189 -1534506505 -2064623859 -1954748642 547318085 1055043673 1447991577
-1668295159 -1949789026 288936691 -1229047720 2089409617 -210883210 -150061809 -32143456 579304020 -1591773048 -1463014785 65417876 1178893982 985522226 -87545752 -697012768
391625687 1430098079 -1569612979 1526823319 1602145600 -2020286838 -2031153237 403170495 1548146408 440052772 -2030842299 1745076905 591705899 -1196386604 -98260113 -2131645061
1649388604 -1084808229 -943340178 -35888914 -936035853 1281875833 -114681577 -1551945183 848374791 544381299 51538835 -501456906 -333509884 2119556171 -76389221 1561694963
-1610419603 585110292 1587123635 1191158552 1786222914 61222086 2014713860 -222473087 -1217103388 356465132 388565793 -1575974150 -1288563914 29193342 -358840761 -447605644
315265901 -2018900736 -758215284 1670076385 -1609122700 -1063159168 667823578 -1580908423 975768485 -1596771296 1923240135 102858579 -1178331272 1268712431 -477261184 1695330363
-129351050 2134235026 974043406 1799273756 -1878501265 -1037438274 644756021 1185041950 -253869197 1427640667 109396139 -1334011179 -644152914 1310841306 1466688835 810349448
677718913 -984251595 -1776048175 321462209 -149269853 2071437222 -1531569475 -1424890862 1089055972 -1463414660 -2043855721 583052188 1675226164 -2114523420 -902752207 682094583
-77294110 97267223 -378664190 1723765010 -1646942887 -1542390934 157681530 -785826299 117654096 -1300515252 -540101334 -14120609 -1271886190 -1327133347 -677816981 -614375
434983209 1805130537 -1003477499 -238785453 337170885 1450843175 -475798979 410359481 -149149346 1886530312 125258489 1642110933 -233763191 821995283 1735712054 2085099223
-1723978855 -777047894 242394066 1391589680 131027248 1842000057 1875607753 80923607 1732462685 -584498987 -40744057 1501070491 848106854 1041349515 1698579120 874824255
-485689388 495710842 -693730532 116926578 1817826776 767219719 -1304890342 -365504888 2118707555 -1738959960 533952147 -1736966343 1392463930 -996529592 -1694757412 -1063440907
199762388 1889084888 1625173169 402837782 -1210777360 1737654213 1655089124 -766597846 628101059 -422287656 749772323 -231655793 808812896 -1908384421 -353973075 -1928697441
-501791099 1139112330 1324151392 -1911105848 -1252396658 743119380 -576555898 1781154569 -1154369880 -1877819710 1617459846 1443877833 1389178457 1868265220 -2071108996 -1356695369
1376962059 503967426 1446363871 -2140455942 1594174734 1451970713 1741818294 1427962954 1038548442 1000290467 966753562 777787592 2092882241 -1794317706 -221175254 -1385302869